[    [30, 76, 33, 58, 5, 15, 87, 66, 46, 47, 45, 42, 82, 100, 40, 25, 85, 46, 68, 81, 45, 44, 27, 61, 35, 65, 40, 21, 80, 37, 98, 11, 8, 60, 30, 69, 63, 42, 27, 31, 66, 42, 13, 60, 54, 24, 57, 45, 30, 61, 25, 60, 28, 27, 32, 94, 16, 30, 68, 6, 37, 76, 64, 73, 91, 77, 83, 23, 59, 49, 89, 4, 82, 52, 66, 93, 11, 31, 93, 4, 53, 42, 33, 5, 0, 54, 82, 16, 96, 82, 68, 8, 48, 94, 72, 73, 33, 99, 56, 49],
    [77, 93, 70, 96, 19, 23, 53, 1, 27, 24, 7, 42, 13, 94, 73, 17, 8, 60, 22, 30, 20, 81, 29, 20, 27, 86, 30, 44, 25, 17, 60, 13, 24, 23, 20, 95, 20, 32, 98, 86, 67, 57, 65, 20, 100, 54, 57, 39, 35, 76, 65, 88, 26, 35, 73, 95, 65, 91, 71, 91, 6, 57, 9, 7, 18, 19, 68, 21, 0, 77, 58, 17, 62, 84, 75, 77, 89, 58, 29, 100, 11, 29, 12, 54, 18, 35, 6, 51, 10, 48, 38, 90, 65, 67, 28, 27, 55, 52, 9, 83],
    [94, 51, 30, 60, 22, 54, 11, 71, 92, 62, 33, 40, 27, 59, 25, 87, 0, 40, 50, 2, 67, 21, 6, 47, 94, 3, 59, 17, 96, 25, 7, 57, 11, 31, 44, 33, 68, 81, 82, 29, 82, 2, 19, 85, 76, 86, 4, 17, 50, 16, 22, 83, 1, 7, 54, 45, 23, 93, 50, 63, 9, 71, 10, 30, 78, 12, 84, 31, 7, 4, 78, 79, 85, 99, 47, 60, 8, 2, 11, 68, 64, 40, 45, 85, 30, 57, 28, 88, 41, 49, 22, 35, 24, 53, 56, 60, 42, 74, 30, 45],
    [18, 57, 83, 24, 87, 9, 64, 91, 72, 33, 91, 94, 4, 43, 40, 89, 96, 26, 30, 13, 19, 33, 51, 78, 48, 2, 29, 95, 32, 48, 57, 97, 19, 95, 58, 28, 55, 66, 35, 79, 26, 35, 79, 66, 55, 63, 73, 24, 21, 46, 90, 3, 45, 75, 60, 53, 81, 71, 28, 8, 2, 1, 8, 77, 92, 84, 46, 72, 53, 5, 92, 8, 2, 39, 31, 89, 42, 0, 100, 78, 55, 41, 28, 92, 97, 54, 72, 2, 35, 47, 61, 20, 4, 75, 43, 0, 87, 98, 70, 90],
    [65, 84, 85, 8, 94, 79, 32, 45, 19, 3, 96, 34, 37, 90, 100, 80, 28, 21, 80, 12, 19, 69, 54, 98, 38, 86, 38, 81, 65, 15, 6, 36, 37, 32, 32, 6, 91, 26, 92, 4, 47, 39, 79, 24, 98, 28, 27, 8, 25, 77, 14, 13, 39, 29, 98, 52, 31, 2, 35, 72, 29, 46, 0, 20, 94, 26, 2, 62, 36, 8, 66, 31, 58, 33, 97, 93, 16, 98, 94, 85, 79, 23, 29, 100, 75, 33, 63, 53, 90, 5, 33, 25, 99, 31, 43, 84, 42, 37, 14, 81],
    [17, 94, 70, 15, 24, 77, 17, 71, 31, 22, 38, 13, 0, 33, 26, 85, 3, 57, 94, 74, 2, 51, 21, 79, 17, 35, 69, 26, 39, 63, 88, 99, 45, 97, 2, 82, 10, 76, 72, 37, 97, 14, 24, 10, 67, 47, 99, 29, 34, 33, 25, 18, 61, 41, 99, 1, 81, 45, 15, 67, 13, 16, 81, 10, 56, 86, 24, 65, 62, 82, 7, 61, 53, 30, 21, 15, 32, 75, 4, 2, 29, 75, 36, 90, 95, 97, 46, 37, 94, 67, 36, 24, 90, 35, 93, 57, 21, 49, 83, 6],
    [64, 2, 9, 58, 5, 28, 47, 83, 60, 72, 72, 28, 46, 5, 17, 64, 57, 0, 17, 21, 61, 39, 74, 57, 86, 92, 52, 88, 59, 32, 31, 71, 42, 91, 8, 62, 27, 1, 92, 58, 68, 23, 99, 47, 62, 97, 18, 95, 10, 75, 94, 81, 90, 60, 34, 97, 44, 94, 56, 81, 100, 41, 12, 67, 10, 43, 64, 91, 30, 95, 33, 98, 45, 56, 70, 50, 24, 3, 22, 17, 59, 77, 83, 90, 54, 2, 43, 15, 93, 31, 9, 92, 64, 98, 16, 81, 35, 40, 80, 82],
    [41, 12, 45, 94, 80, 10, 41, 71, 22, 28, 5, 76, 53, 75, 68, 87, 85, 26, 30, 58, 78, 69, 57, 88, 12, 75, 91, 13, 68, 71, 22, 20, 34, 17, 62, 50, 88, 8, 33, 43, 42, 10, 47, 7, 23, 90, 65, 89, 84, 91, 85, 0, 29, 81, 20, 63, 87, 78, 37, 10, 3, 11, 95, 37, 3, 67, 60, 25, 87, 92, 70, 64, 57, 56, 60, 74, 25, 6, 88, 40, 96, 63, 43, 28, 93, 74, 95, 30, 31, 58, 47, 81, 80, 24, 91, 4, 61, 17, 23, 69],
    [59, 37, 1, 72, 32, 2, 29, 52, 76, 1, 51, 59, 88, 60, 48, 77, 100, 22, 11, 62, 47, 38, 100, 14, 70, 13, 75, 89, 1, 13, 29, 2, 8, 2, 29, 24, 61, 75, 78, 26, 76, 30, 92, 100, 11, 84, 6, 2, 97, 100, 86, 100, 95, 75, 96, 27, 75, 65, 93, 16, 9, 47, 83, 12, 67, 35, 24, 87, 62, 7, 60, 64, 24, 22, 97, 18, 58, 83, 67, 81, 27, 65, 41, 31, 4, 50, 24, 72, 15, 84, 35, 48, 86, 5, 40, 93, 89, 89, 79, 42],
    [44, 85, 34, 93, 98, 76, 79, 43, 64, 89, 33, 49, 1, 50, 48, 96, 89, 65, 9, 47, 75, 42, 35, 29, 93, 59, 88, 10, 59, 24, 77, 20, 84, 33, 77, 23, 43, 50, 10, 44, 60, 51, 71, 52, 88, 51, 35, 13, 94, 10, 58, 11, 82, 44, 12, 64, 35, 54, 78, 0, 59, 58, 76, 80, 1, 94, 92, 43, 100, 82, 76, 91, 47, 27, 44, 37, 15, 73, 55, 5, 51, 42, 20, 92, 52, 39, 32, 2, 17, 36, 43, 47, 14, 31, 24, 53, 25, 88, 34, 51],
    [3, 29, 60, 100, 45, 18, 87, 67, 67, 76, 18, 81, 36, 60, 25, 83, 14, 66, 26, 79, 90, 8, 40, 84, 7, 86, 69, 63, 99, 91, 3, 13, 8, 3, 2, 0, 30, 51, 100, 37, 57, 99, 58, 11, 57, 92, 74, 11, 11, 71, 17, 49, 95, 30, 24, 76, 73, 76, 70, 58, 73, 47, 14, 47, 65, 26, 97, 95, 59, 91, 22, 97, 50, 1, 56, 64, 72, 6, 13, 75, 50, 48, 59, 14, 80, 92, 32, 2, 85, 6, 22, 44, 33, 90, 10, 0, 7, 19, 52, 29],
    [22, 7, 77, 52, 62, 14, 74, 58, 18, 10, 48, 93, 8, 92, 51, 16, 95, 82, 100, 89, 100, 62, 63, 13, 44, 100, 83, 11, 28, 48, 87, 87, 47, 67, 23, 74, 52, 8, 40, 41, 96, 80, 24, 62, 63, 7, 6, 83, 90, 83, 99, 80, 71, 39, 50, 14, 10, 13, 83, 25, 65, 86, 24, 42, 53, 83, 64, 27, 86, 37, 7, 50, 64, 96, 65, 43, 30, 70, 70, 63, 13, 34, 83, 45, 12, 30, 7, 49, 74, 79, 38, 18, 9, 40, 64, 40, 73, 89, 27, 44],
    [80, 71, 83, 59, 95, 38, 61, 51, 13, 78, 50, 19, 15, 5, 12, 20, 51, 68, 44, 95, 89, 41, 98, 71, 12, 83, 40, 45, 77, 42, 31, 13, 48, 34, 37, 55, 96, 87, 83, 73, 54, 9, 76, 10, 43, 91, 76, 71, 44, 75, 63, 78, 60, 14, 84, 44, 22, 21, 9, 27, 87, 85, 23, 18, 14, 2, 98, 69, 35, 31, 7, 3, 92, 54, 89, 67, 78, 3, 43, 36, 63, 82, 55, 47, 70, 13, 66, 26, 47, 45, 34, 100, 3, 81, 46, 40, 16, 34, 34, 95],
    [97, 63, 21, 1, 75, 77, 20, 5, 3, 92, 89, 2, 57, 2, 90, 8, 25, 88, 8, 65, 43, 61, 17, 4, 76, 48, 78, 31, 92, 83, 10, 94, 63, 15, 19, 79, 3, 37, 99, 60, 55, 38, 19, 94, 66, 78, 78, 89, 70, 17, 5, 75, 42, 18, 84, 74, 30, 31, 70, 94, 34, 39, 93, 44, 67, 71, 45, 93, 55, 67, 66, 12, 20, 44, 94, 26, 69, 7, 69, 61, 12, 97, 25, 40, 76, 17, 61, 10, 91, 66, 39, 2, 25, 48, 97, 17, 53, 95, 53, 10],
    [43, 53, 62, 29, 23, 93, 32, 86, 89, 35, 42, 90, 83, 79, 40, 6, 60, 60, 27, 43, 92, 39, 32, 100, 73, 81, 16, 71, 93, 58, 5, 67, 30, 9, 98, 15, 4, 22, 54, 41, 68, 11, 39, 71, 96, 87, 84, 46, 91, 34, 34, 23, 92, 19, 41, 2, 39, 50, 98, 47, 85, 64, 27, 26, 58, 35, 29, 66, 83, 84, 54, 91, 16, 45, 55, 94, 37, 78, 50, 3, 91, 43, 96, 68, 28, 55, 61, 56, 23, 7, 14, 68, 19, 70, 37, 77, 29, 50, 25, 66],
    [22, 25, 45, 34, 83, 23, 23, 19, 44, 88, 46, 3, 66, 3, 16, 75, 51, 52, 7, 40, 55, 47, 22, 50, 43, 57, 61, 6, 27, 39, 0, 79, 6, 40, 70, 38, 32, 39, 46, 18, 77, 72, 77, 13, 63, 91, 20, 32, 97, 37, 99, 30, 4, 94, 31, 63, 50, 24, 56, 78, 35, 45, 85, 72, 34, 9, 64, 26, 63, 100, 60, 10, 40, 92, 65, 57, 0, 50, 27, 73, 35, 52, 68, 18, 57, 49, 37, 36, 47, 44, 70, 17, 23, 62, 27, 51, 7, 4, 30, 34],
    [45, 56, 95, 21, 7, 79, 91, 2, 3, 77, 66, 14, 87, 48, 94, 67, 84, 85, 64, 38, 73, 33, 53, 22, 56, 33, 82, 56, 44, 91, 57, 86, 42, 11, 44, 91, 87, 5, 30, 73, 29, 2, 46, 91, 12, 90, 47, 2, 90, 68, 6, 15, 77, 20, 65, 40, 66, 48, 44, 45, 62, 82, 12, 71, 26, 29, 100, 99, 38, 38, 66, 78, 82, 74, 13, 22, 56, 26, 7, 88, 73, 68, 91, 4, 40, 91, 26, 99, 79, 31, 41, 95, 22, 61, 90, 72, 77, 10, 14, 85],
    [54, 82, 9, 26, 58, 3, 79, 38, 27, 46, 59, 59, 26, 5, 17, 55, 16, 55, 91, 91, 89, 61, 79, 31, 93, 73, 65, 0, 36, 64, 21, 77, 42, 15, 16, 17, 18, 48, 60, 0, 71, 1, 15, 9, 59, 45, 21, 31, 98, 7, 92, 74, 96, 32, 22, 45, 45, 47, 95, 53, 51, 49, 85, 44, 93, 50, 15, 6, 41, 33, 90, 17, 72, 76, 15, 1, 91, 68, 57, 10, 53, 42, 71, 8, 36, 46, 81, 23, 56, 76, 36, 59, 22, 17, 93, 89, 50, 9, 91, 68],
    [87, 77, 2, 90, 17, 87, 68, 74, 91, 96, 24, 46, 15, 21, 52, 5, 18, 83, 47, 3, 68, 34, 42, 30, 48, 48, 44, 49, 100, 48, 56, 33, 43, 46, 36, 65, 35, 55, 87, 18, 4, 95, 9, 52, 54, 45, 62, 13, 85, 54, 14, 20, 54, 64, 31, 100, 24, 100, 26, 73, 27, 0, 99, 33, 69, 84, 50, 11, 21, 40, 6, 55, 8, 32, 20, 50, 16, 34, 6, 46, 8, 76, 33, 51, 32, 92, 13, 73, 13, 18, 11, 98, 67, 91, 90, 20, 84, 44, 50, 45],
    [12, 54, 61, 45, 6, 35, 86, 62, 70, 41, 73, 60, 24, 21, 26, 39, 86, 10, 12, 72, 45, 8, 95, 48, 64, 35, 12, 39, 53, 24, 86, 21, 18, 72, 91, 52, 25, 62, 77, 19, 87, 73, 49, 85, 55, 88, 69, 34, 24, 12, 11, 98, 94, 0, 16, 38, 7, 50, 86, 29, 4, 19, 97, 4, 32, 56, 74, 25, 15, 91, 64, 14, 32, 91, 81, 7, 69, 12, 62, 59, 75, 87, 77, 3, 36, 94, 66, 75, 24, 16, 73, 8, 20, 0, 11, 29, 34, 79, 19, 95],
    [49, 41, 7, 13, 8, 67, 29, 48, 30, 80, 5, 92, 70, 76, 9, 45, 46, 34, 64, 83, 96, 32, 10, 24, 12, 37, 63, 74, 31, 64, 92, 66, 40, 26, 23, 60, 61, 4, 72, 62, 85, 56, 43, 67, 47, 92, 96, 12, 20, 88, 74, 96, 72, 13, 58, 1, 29, 1, 70, 79, 83, 70, 2, 77, 49, 62, 1, 13, 9, 41, 49, 7, 11, 16, 49, 12, 33, 33, 63, 74, 38, 41, 53, 55, 40, 69, 37, 61, 12, 75, 69, 47, 2, 0, 89, 85, 17, 46, 35, 5],
    [48, 57, 55, 42, 47, 54, 8, 44, 64, 37, 75, 82, 7, 41, 50, 7, 67, 42, 81, 92, 65, 64, 3, 44, 60, 0, 26, 1, 61, 4, 37, 3, 96, 97, 53, 3, 15, 89, 0, 23, 13, 11, 17, 59, 97, 47, 71, 93, 44, 84, 82, 6, 42, 19, 42, 9, 81, 64, 48, 6, 55, 54, 12, 47, 91, 30, 32, 57, 99, 65, 79, 97, 2, 51, 19, 47, 9, 42, 82, 17, 15, 36, 43, 96, 17, 80, 78, 93, 34, 60, 80, 66, 95, 84, 63, 12, 59, 73, 89, 95],
    [18, 24, 45, 68, 24, 83, 74, 5, 59, 98, 99, 87, 51, 49, 50, 80, 66, 38, 22, 66, 93, 27, 83, 19, 82, 27, 50, 18, 8, 20, 84, 41, 82, 74, 21, 27, 68, 22, 12, 59, 29, 52, 97, 90, 5, 86, 36, 43, 21, 34, 52, 89, 50, 26, 2, 16, 88, 2, 16, 49, 25, 13, 92, 93, 98, 33, 5, 6, 69, 91, 1, 71, 13, 43, 63, 61, 69, 88, 3, 20, 96, 75, 43, 77, 66, 91, 67, 98, 94, 10, 38, 78, 68, 37, 62, 23, 98, 10, 40, 64],
    [30, 41, 73, 65, 95, 59, 47, 0, 72, 24, 48, 12, 9, 11, 53, 8, 21, 100, 45, 59, 62, 40, 80, 50, 75, 37, 0, 35, 62, 36, 24, 64, 68, 71, 92, 77, 15, 25, 12, 4, 88, 100, 43, 94, 38, 70, 76, 77, 6, 90, 58, 80, 93, 61, 59, 4, 30, 78, 25, 27, 88, 37, 95, 30, 97, 12, 34, 6, 17, 59, 36, 73, 71, 15, 31, 6, 57, 11, 21, 28, 13, 95, 62, 71, 62, 99, 41, 50, 26, 28, 3, 70, 36, 72, 99, 86, 31, 50, 47, 93],
    [31, 3, 9, 43, 100, 10, 1, 40, 56, 83, 65, 51, 53, 59, 41, 89, 34, 86, 72, 94, 67, 7, 26, 46, 53, 22, 29, 46, 0, 12, 23, 79, 56, 66, 60, 79, 15, 99, 9, 36, 96, 2, 31, 84, 59, 48, 71, 67, 43, 87, 46, 64, 32, 46, 9, 60, 85, 54, 63, 64, 24, 24, 89, 46, 86, 5, 1, 3, 76, 85, 18, 59, 23, 73, 40, 21, 87, 96, 46, 70, 77, 38, 45, 35, 25, 86, 29, 67, 56, 94, 4, 62, 98, 5, 62, 15, 8, 46, 12, 100],
    [90, 38, 10, 52, 56, 36, 53, 41, 7, 97, 16, 76, 51, 99, 28, 0, 70, 91, 3, 1, 82, 66, 34, 69, 36, 91, 52, 1, 51, 62, 97, 80, 89, 65, 80, 72, 21, 60, 52, 33, 13, 0, 79, 98, 81, 4, 74, 3, 35, 83, 43, 96, 0, 30, 8, 59, 70, 100, 87, 5, 55, 64, 60, 1, 84, 83, 21, 89, 100, 87, 85, 0, 89, 49, 87, 41, 21, 38, 11, 90, 56, 52, 98, 39, 79, 56, 47, 35, 92, 57, 60, 77, 62, 99, 63, 27, 94, 50, 27, 51],
    [91, 44, 77, 34, 8, 30, 94, 51, 86, 77, 84, 15, 96, 97, 70, 36, 11, 33, 85, 95, 62, 94, 7, 66, 67, 5, 31, 23, 4, 97, 36, 47, 5, 65, 71, 79, 92, 58, 57, 89, 53, 45, 4, 71, 39, 1, 48, 72, 34, 62, 20, 93, 34, 52, 79, 22, 39, 88, 74, 96, 36, 26, 64, 67, 23, 84, 32, 80, 72, 69, 22, 41, 24, 73, 90, 81, 42, 15, 28, 61, 59, 36, 13, 92, 0, 94, 23, 86, 26, 66, 31, 38, 16, 46, 93, 63, 34, 39, 29, 25],
    [9, 78, 64, 99, 18, 97, 28, 13, 69, 8, 84, 96, 31, 74, 14, 74, 54, 4, 51, 28, 40, 63, 27, 44, 13, 80, 31, 40, 23, 17, 2, 79, 5, 36, 48, 73, 93, 72, 44, 9, 53, 98, 49, 70, 56, 89, 4, 96, 50, 89, 42, 64, 23, 34, 7, 38, 65, 84, 20, 4, 86, 67, 77, 84, 38, 24, 20, 63, 95, 90, 40, 83, 46, 86, 93, 21, 19, 50, 97, 65, 13, 66, 84, 26, 8, 96, 70, 59, 90, 14, 47, 57, 95, 10, 36, 94, 30, 59, 47, 91],
    [60, 99, 89, 30, 68, 38, 36, 92, 36, 20, 88, 17, 13, 69, 79, 95, 21, 38, 8, 86, 91, 49, 38, 99, 86, 95, 74, 61, 52, 100, 36, 42, 2, 45, 62, 76, 37, 41, 12, 88, 94, 99, 35, 14, 11, 87, 37, 89, 94, 37, 39, 81, 36, 56, 86, 2, 56, 52, 85, 31, 79, 91, 4, 56, 71, 85, 19, 83, 51, 10, 22, 55, 87, 2, 71, 35, 30, 93, 18, 41, 47, 19, 89, 69, 38, 26, 55, 52, 100, 60, 21, 83, 16, 71, 42, 89, 27, 93, 56, 54],
    [85, 59, 20, 72, 81, 41, 88, 33, 74, 53, 79, 10, 5, 70, 98, 54, 20, 97, 45, 100, 83, 63, 36, 53, 99, 36, 82, 73, 23, 50, 67, 82, 23, 53, 82, 97, 54, 51, 48, 39, 84, 31, 30, 50, 94, 85, 46, 34, 65, 98, 94, 46, 60, 66, 44, 77, 31, 82, 27, 11, 52, 2, 5, 18, 58, 6, 53, 82, 52, 60, 39, 23, 60, 45, 56, 90, 16, 84, 43, 68, 17, 74, 17, 0, 40, 91, 46, 30, 94, 30, 43, 67, 35, 48, 74, 93, 58, 22, 36, 27],
    [16, 61, 85, 57, 46, 61, 28, 50, 87, 58, 24, 25, 68, 43, 72, 71, 34, 2, 73, 69, 15, 12, 14, 50, 27, 17, 51, 70, 80, 93, 1, 71, 29, 36, 28, 66, 15, 66, 49, 87, 77, 100, 2, 28, 66, 29, 39, 37, 76, 53, 18, 62, 92, 79, 5, 66, 49, 58, 73, 34, 1, 79, 13, 49, 98, 100, 27, 73, 38, 6, 19, 3, 66, 75, 44, 31, 54, 68, 43, 51, 31, 77, 27, 90, 97, 9, 41, 87, 55, 28, 85, 75, 33, 51, 88, 84, 13, 9, 59, 39],
    [26, 74, 95, 36, 19, 49, 68, 10, 3, 99, 69, 93, 41, 71, 98, 37, 9, 2, 61, 68, 57, 6, 70, 20, 84, 14, 97, 21, 75, 19, 96, 64, 47, 39, 46, 97, 57, 21, 80, 28, 74, 14, 62, 80, 55, 55, 48, 19, 65, 10, 78, 65, 3, 28, 1, 3, 22, 34, 90, 8, 36, 53, 17, 11, 37, 40, 59, 16, 93, 98, 40, 21, 41, 36, 55, 10, 34, 40, 90, 27, 94, 12, 90, 76, 88, 60, 39, 72, 74, 88, 47, 1, 72, 89, 9, 25, 97, 95, 20, 81],
    [94, 33, 9, 83, 82, 78, 32, 95, 100, 85, 88, 100, 9, 4, 22, 19, 59, 23, 71, 100, 92, 39, 50, 28, 62, 15, 1, 68, 95, 100, 54, 42, 64, 68, 2, 42, 36, 19, 76, 88, 74, 94, 89, 18, 15, 23, 24, 14, 74, 18, 25, 33, 53, 94, 56, 14, 1, 2, 40, 67, 7, 93, 91, 44, 24, 59, 64, 50, 100, 25, 50, 34, 65, 69, 27, 22, 22, 94, 61, 55, 8, 27, 22, 99, 9, 29, 76, 5, 89, 42, 39, 55, 4, 86, 66, 3, 21, 27, 18, 19],
    [24, 65, 50, 58, 80, 20, 1, 88, 13, 74, 56, 70, 23, 10, 44, 37, 48, 60, 67, 66, 25, 100, 38, 34, 55, 2, 95, 37, 69, 10, 35, 99, 96, 23, 15, 91, 48, 23, 4, 95, 82, 73, 41, 93, 33, 86, 45, 51, 35, 84, 26, 89, 2, 58, 25, 66, 87, 45, 81, 58, 16, 50, 69, 20, 12, 30, 3, 0, 36, 11, 81, 42, 26, 78, 74, 14, 87, 18, 26, 47, 99, 4, 87, 63, 19, 13, 28, 26, 30, 43, 18, 16, 83, 22, 41, 83, 99, 12, 18, 54],
    [35, 80, 51, 93, 21, 75, 47, 33, 1, 63, 52, 31, 14, 32, 9, 68, 77, 32, 44, 55, 92, 9, 47, 7, 4, 36, 35, 44, 4, 10, 36, 98, 70, 23, 40, 10, 23, 3, 79, 73, 45, 18, 41, 65, 29, 39, 69, 50, 72, 5, 96, 9, 92, 67, 25, 72, 11, 74, 53, 88, 13, 92, 31, 9, 78, 23, 23, 44, 75, 65, 84, 96, 93, 59, 20, 98, 4, 70, 38, 31, 58, 98, 53, 81, 80, 79, 5, 79, 62, 37, 3, 0, 28, 16, 25, 76, 17, 44, 48, 54],
    [9, 70, 32, 1, 99, 11, 43, 17, 91, 31, 51, 18, 46, 61, 41, 19, 98, 32, 56, 47, 12, 17, 42, 3, 40, 14, 84, 42, 13, 99, 39, 26, 69, 73, 99, 99, 38, 61, 53, 4, 90, 93, 6, 3, 55, 99, 50, 3, 4, 24, 32, 46, 27, 65, 36, 63, 43, 60, 10, 38, 76, 1, 68, 90, 36, 76, 59, 33, 21, 72, 85, 1, 0, 48, 73, 7, 98, 35, 4, 77, 74, 78, 97, 96, 68, 96, 33, 50, 67, 22, 73, 27, 63, 87, 25, 5, 98, 11, 32, 4],
    [17, 17, 94, 10, 57, 62, 23, 14, 27, 83, 20, 42, 39, 16, 11, 46, 35, 15, 14, 37, 18, 57, 60, 21, 19, 60, 37, 100, 31, 69, 56, 18, 42, 97, 20, 31, 41, 65, 81, 49, 49, 51, 85, 30, 50, 51, 80, 23, 93, 25, 27, 55, 3, 55, 16, 64, 82, 20, 71, 65, 18, 86, 67, 96, 30, 16, 10, 77, 51, 99, 13, 49, 62, 20, 94, 29, 54, 19, 45, 15, 22, 94, 44, 58, 7, 30, 4, 73, 19, 76, 90, 93, 83, 94, 7, 51, 35, 8, 79, 3],
    [11, 35, 64, 37, 61, 98, 86, 2, 9, 5, 58, 60, 63, 38, 66, 98, 7, 19, 81, 9, 3, 75, 52, 11, 91, 75, 32, 61, 20, 19, 13, 54, 44, 14, 44, 91, 100, 81, 69, 45, 77, 79, 68, 97, 23, 42, 36, 1, 32, 62, 52, 47, 83, 68, 59, 78, 23, 71, 20, 91, 33, 74, 85, 93, 76, 1, 79, 5, 26, 62, 35, 37, 37, 90, 96, 71, 64, 4, 90, 85, 24, 65, 27, 55, 86, 23, 30, 73, 62, 99, 14, 13, 87, 69, 65, 5, 87, 22, 17, 77],
    [54, 27, 41, 42, 24, 32, 65, 93, 73, 28, 15, 30, 39, 35, 10, 70, 24, 86, 41, 6, 35, 76, 44, 62, 0, 36, 16, 79, 81, 81, 29, 51, 87, 17, 71, 0, 57, 34, 15, 96, 48, 65, 31, 17, 50, 17, 90, 98, 78, 14, 61, 51, 60, 9, 86, 38, 94, 76, 36, 93, 93, 81, 27, 10, 89, 48, 62, 34, 59, 37, 31, 27, 33, 61, 49, 6, 33, 17, 61, 18, 60, 57, 0, 98, 92, 28, 46, 54, 9, 78, 0, 4, 76, 29, 88, 55, 76, 41, 97, 44],
    [98, 93, 52, 34, 86, 17, 91, 84, 10, 4, 7, 5, 32, 98, 21, 2, 50, 92, 50, 35, 13, 94, 12, 28, 77, 81, 62, 5, 29, 30, 66, 32, 72, 13, 81, 30, 99, 2, 12, 27, 31, 80, 9, 0, 3, 28, 20, 11, 38, 67, 96, 12, 41, 96, 80, 83, 94, 59, 58, 30, 66, 9, 92, 13, 53, 96, 67, 74, 20, 83, 80, 31, 67, 2, 90, 65, 76, 14, 15, 88, 33, 93, 82, 8, 45, 13, 55, 12, 0, 52, 15, 6, 99, 14, 36, 39, 14, 48, 0, 67],
    [89, 60, 90, 39, 35, 62, 95, 69, 9, 25, 62, 43, 92, 48, 94, 86, 10, 29, 29, 5, 61, 85, 24, 9, 20, 25, 76, 2, 32, 100, 38, 67, 29, 54, 5, 90, 29, 93, 85, 79, 2, 42, 21, 48, 78, 92, 52, 20, 26, 93, 67, 36, 25, 78, 8, 19, 22, 36, 9, 18, 26, 90, 10, 18, 87, 21, 77, 80, 38, 18, 90, 29, 22, 20, 9, 85, 31, 52, 37, 99, 5, 69, 92, 40, 85, 30, 62, 1, 52, 96, 57, 13, 9, 12, 73, 65, 29, 40, 4, 26],
    [20, 73, 50, 76, 44, 47, 80, 85, 11, 25, 22, 62, 7, 24, 42, 70, 23, 8, 86, 89, 14, 46, 42, 37, 89, 96, 77, 57, 36, 6, 76, 60, 8, 1, 5, 54, 19, 28, 18, 24, 29, 60, 91, 13, 39, 1, 11, 88, 8, 65, 26, 25, 67, 68, 98, 96, 29, 0, 57, 43, 4, 95, 38, 31, 1, 23, 13, 41, 84, 63, 98, 57, 30, 94, 9, 73, 23, 9, 41, 39, 86, 36, 76, 47, 2, 49, 8, 56, 54, 22, 65, 52, 95, 62, 53, 17, 81, 64, 72, 42],
    [87, 70, 50, 4, 100, 82, 30, 20, 30, 98, 20, 38, 13, 79, 67, 67, 79, 60, 53, 8, 97, 26, 21, 42, 93, 47, 70, 26, 79, 18, 34, 55, 36, 69, 89, 98, 71, 98, 23, 78, 26, 37, 18, 4, 65, 9, 63, 15, 11, 39, 22, 57, 67, 20, 38, 66, 52, 64, 29, 13, 100, 64, 65, 88, 56, 4, 66, 54, 31, 16, 67, 14, 0, 60, 17, 42, 87, 93, 17, 75, 48, 42, 49, 95, 49, 46, 61, 89, 74, 99, 47, 63, 46, 54, 53, 16, 27, 25, 24, 20],
    [36, 16, 40, 28, 26, 71, 19, 88, 14, 46, 17, 19, 11, 56, 46, 45, 66, 74, 33, 28, 79, 10, 43, 13, 52, 91, 90, 68, 75, 52, 8, 98, 78, 60, 78, 41, 2, 22, 14, 34, 61, 4, 70, 84, 51, 36, 31, 38, 60, 36, 72, 45, 0, 91, 21, 82, 34, 0, 19, 7, 17, 6, 80, 66, 87, 20, 74, 12, 38, 5, 53, 31, 8, 55, 21, 78, 47, 72, 11, 28, 74, 14, 96, 14, 10, 74, 30, 7, 98, 81, 15, 55, 56, 18, 26, 36, 13, 88, 44, 69],
    [56, 75, 22, 83, 33, 54, 10, 18, 87, 99, 22, 59, 41, 85, 98, 8, 60, 8, 35, 92, 54, 19, 1, 6, 20, 23, 27, 95, 67, 73, 14, 8, 67, 95, 89, 29, 81, 81, 70, 75, 55, 13, 22, 12, 95, 6, 34, 1, 30, 3, 0, 28, 29, 66, 100, 92, 0, 78, 9, 86, 35, 32, 77, 83, 90, 56, 100, 95, 16, 62, 50, 45, 73, 49, 72, 80, 26, 51, 40, 8, 87, 73, 68, 90, 31, 13, 68, 81, 9, 73, 17, 72, 85, 66, 9, 48, 52, 100, 74, 5],
    [14, 74, 84, 42, 55, 95, 90, 75, 19, 91, 14, 93, 97, 15, 87, 92, 12, 49, 99, 84, 54, 3, 56, 100, 99, 61, 34, 0, 26, 99, 42, 31, 17, 29, 71, 37, 45, 18, 65, 33, 51, 49, 62, 29, 21, 86, 70, 85, 13, 79, 32, 98, 44, 81, 37, 10, 85, 9, 85, 21, 46, 53, 26, 90, 37, 22, 22, 53, 46, 1, 44, 59, 0, 92, 31, 95, 73, 2, 75, 63, 22, 60, 50, 19, 57, 93, 97, 98, 69, 21, 88, 12, 53, 18, 54, 66, 14, 4, 91, 87],
    [84, 93, 63, 100, 62, 74, 16, 7, 19, 62, 57, 49, 87, 8, 70, 55, 27, 84, 8, 11, 43, 73, 18, 78, 77, 37, 1, 62, 92, 93, 9, 57, 37, 23, 86, 85, 0, 83, 1, 42, 26, 90, 50, 44, 97, 27, 95, 17, 8, 0, 27, 60, 49, 9, 97, 70, 100, 8, 0, 93, 17, 97, 15, 86, 89, 53, 11, 56, 50, 99, 47, 13, 73, 51, 84, 50, 44, 58, 33, 74, 41, 61, 97, 35, 99, 67, 20, 23, 1, 30, 34, 59, 67, 37, 85, 95, 84, 79, 41, 85],
    [50, 40, 8, 74, 21, 43, 52, 13, 24, 85, 49, 48, 91, 34, 95, 69, 76, 91, 5, 16, 39, 30, 5, 70, 54, 20, 45, 70, 14, 36, 38, 30, 58, 74, 87, 83, 95, 28, 93, 35, 80, 60, 67, 2, 60, 9, 27, 72, 15, 71, 2, 74, 30, 19, 3, 8, 46, 83, 50, 10, 72, 30, 34, 51, 11, 35, 93, 83, 98, 25, 9, 78, 19, 28, 83, 23, 83, 87, 13, 36, 24, 47, 25, 64, 14, 47, 79, 86, 47, 65, 16, 38, 84, 71, 11, 47, 4, 78, 11, 47],
    [81, 16, 52, 73, 40, 22, 26, 89, 61, 75, 53, 88, 36, 80, 27, 100, 12, 6, 37, 58, 10, 96, 89, 74, 52, 82, 46, 50, 90, 21, 26, 23, 58, 35, 29, 83, 98, 36, 52, 98, 54, 78, 19, 56, 39, 30, 72, 99, 53, 1, 12, 8, 39, 93, 62, 100, 62, 44, 37, 85, 85, 64, 42, 81, 93, 26, 0, 100, 87, 84, 50, 37, 60, 4, 77, 36, 19, 75, 5, 26, 12, 78, 61, 17, 20, 81, 61, 17, 59, 30, 72, 47, 68, 8, 0, 67, 4, 68, 86, 29],
    [93, 36, 96, 12, 88, 21, 96, 16, 17, 38, 73, 38, 4, 77, 39, 8, 100, 17, 84, 53, 59, 92, 65, 66, 79, 34, 69, 12, 34, 69, 27, 100, 100, 93, 26, 65, 5, 6, 33, 10, 52, 9, 63, 14, 22, 61, 42, 8, 35, 68, 55, 35, 85, 9, 57, 0, 99, 76, 50, 98, 84, 65, 96, 94, 24, 86, 91, 5, 83, 37, 96, 41, 2, 4, 64, 42, 1, 41, 89, 3, 37, 9, 61, 34, 71, 67, 32, 77, 75, 82, 23, 15, 94, 17, 73, 97, 83, 63, 50, 19],
    [89, 80, 51, 95, 75, 40, 99, 29, 63, 44, 90, 2, 66, 54, 50, 94, 13, 5, 90, 14, 63, 86, 65, 6, 88, 31, 83, 1, 32, 3, 42, 86, 63, 42, 88, 98, 90, 5, 97, 62, 2, 43, 34, 94, 78, 11, 6, 41, 38, 10, 34, 100, 85, 45, 66, 59, 48, 43, 47, 11, 37, 36, 16, 71, 51, 27, 89, 33, 56, 3, 24, 53, 75, 63, 94, 24, 5, 53, 0, 1, 63, 30, 46, 23, 85, 68, 42, 59, 54, 25, 2, 96, 95, 9, 52, 3, 1, 64, 71, 22],
    [88, 28, 6, 17, 84, 94, 45, 48, 85, 8, 40, 24, 49, 98, 74, 75, 67, 34, 44, 14, 44, 93, 91, 55, 43, 92, 31, 85, 3, 56, 85, 54, 28, 60, 13, 13, 46, 43, 61, 66, 44, 99, 49, 11, 95, 44, 49, 80, 10, 27, 17, 71, 97, 2, 1, 66, 76, 92, 43, 55, 14, 100, 96, 39, 100, 71, 8, 26, 71, 42, 62, 76, 56, 22, 63, 79, 37, 82, 62, 85, 40, 8, 3, 86, 11, 53, 32, 13, 97, 8, 74, 92, 68, 55, 36, 49, 66, 13, 32, 0],
    [80, 70, 22, 90, 86, 92, 80, 48, 49, 16, 4, 69, 32, 61, 1, 32, 64, 64, 80, 3, 48, 54, 12, 40, 26, 83, 54, 74, 45, 45, 86, 63, 17, 77, 72, 42, 94, 96, 95, 69, 53, 86, 82, 3, 58, 58, 90, 79, 89, 52, 94, 51, 44, 66, 100, 69, 64, 69, 92, 89, 9, 66, 24, 37, 52, 13, 7, 11, 68, 52, 16, 94, 15, 78, 8, 84, 81, 87, 1, 19, 97, 43, 36, 23, 41, 16, 55, 20, 12, 16, 20, 53, 91, 50, 9, 19, 49, 91, 36, 2],
    [26, 70, 31, 35, 97, 88, 19, 7, 10, 2, 66, 3, 90, 19, 88, 13, 26, 75, 77, 4, 25, 67, 80, 37, 90, 75, 94, 34, 10, 95, 99, 6, 96, 94, 93, 73, 97, 15, 69, 59, 83, 59, 41, 50, 73, 13, 5, 77, 63, 22, 3, 22, 38, 82, 20, 42, 86, 18, 20, 96, 3, 35, 90, 57, 37, 37, 81, 17, 73, 40, 16, 84, 35, 94, 90, 80, 75, 65, 68, 0, 29, 51, 69, 13, 53, 66, 39, 32, 18, 85, 46, 9, 14, 95, 72, 0, 8, 48, 51, 36],
    [100, 79, 85, 89, 99, 43, 99, 33, 8, 44, 27, 2, 85, 26, 8, 57, 23, 72, 78, 0, 55, 48, 32, 39, 94, 36, 60, 68, 52, 7, 62, 69, 94, 2, 77, 69, 13, 98, 52, 21, 27, 79, 47, 53, 82, 32, 53, 14, 86, 63, 50, 11, 24, 86, 39, 32, 69, 95, 75, 42, 9, 97, 91, 46, 17, 54, 55, 56, 72, 90, 78, 37, 51, 8, 39, 68, 81, 86, 17, 77, 96, 24, 70, 83, 42, 29, 39, 44, 94, 89, 2, 52, 48, 75, 45, 28, 84, 52, 62, 41],
    [60, 58, 72, 33, 88, 84, 56, 11, 14, 51, 67, 26, 42, 9, 78, 9, 46, 8, 18, 16, 73, 4, 17, 83, 93, 68, 2, 21, 33, 70, 25, 18, 42, 80, 23, 79, 56, 16, 25, 77, 57, 43, 20, 61, 39, 97, 14, 83, 15, 94, 45, 65, 53, 61, 55, 60, 40, 97, 34, 87, 96, 63, 7, 68, 28, 2, 71, 71, 93, 44, 11, 30, 30, 11, 48, 73, 62, 26, 88, 63, 66, 15, 69, 25, 10, 95, 20, 84, 52, 34, 9, 87, 77, 13, 37, 85, 64, 38, 19, 87],
    [4, 50, 60, 95, 57, 49, 86, 19, 73, 10, 45, 38, 71, 21, 88, 56, 98, 10, 12, 75, 10, 82, 77, 73, 12, 56, 87, 4, 47, 82, 92, 44, 21, 98, 100, 94, 56, 87, 72, 59, 24, 72, 3, 100, 87, 32, 66, 49, 81, 98, 41, 85, 43, 5, 26, 95, 97, 5, 31, 79, 81, 36, 19, 77, 77, 27, 18, 77, 8, 83, 32, 18, 75, 98, 62, 36, 55, 33, 10, 74, 33, 31, 71, 2, 28, 33, 22, 39, 73, 83, 30, 33, 61, 55, 60, 23, 31, 2, 11, 97],
    [8, 41, 75, 77, 44, 43, 50, 34, 98, 72, 20, 74, 34, 21, 61, 21, 94, 28, 67, 71, 24, 68, 50, 41, 72, 14, 100, 34, 6, 38, 100, 35, 21, 34, 80, 50, 72, 86, 71, 82, 19, 65, 6, 3, 95, 100, 4, 89, 18, 66, 22, 74, 56, 65, 12, 44, 1, 85, 88, 69, 10, 88, 70, 73, 86, 72, 11, 9, 80, 17, 42, 49, 30, 22, 36, 68, 93, 43, 20, 66, 32, 41, 98, 50, 68, 82, 30, 71, 99, 64, 64, 84, 61, 14, 63, 67, 96, 34, 47, 71],
    [84, 53, 33, 4, 74, 25, 72, 19, 40, 16, 64, 73, 32, 54, 64, 71, 25, 81, 30, 100, 53, 74, 86, 21, 3, 95, 63, 36, 34, 36, 33, 48, 37, 58, 47, 37, 20, 89, 61, 63, 92, 56, 0, 78, 86, 71, 26, 82, 43, 0, 69, 70, 49, 65, 11, 72, 16, 38, 69, 23, 4, 18, 20, 86, 79, 45, 25, 52, 22, 71, 64, 96, 43, 36, 94, 54, 53, 89, 24, 95, 67, 55, 74, 33, 4, 96, 86, 62, 100, 4, 54, 88, 7, 26, 25, 25, 99, 15, 71, 81],
    [25, 88, 59, 21, 65, 60, 28, 22, 34, 34, 70, 95, 67, 78, 8, 98, 90, 46, 100, 1, 33, 2, 51, 48, 21, 86, 81, 4, 72, 24, 63, 68, 89, 39, 58, 22, 35, 52, 68, 49, 42, 54, 77, 41, 20, 96, 80, 62, 67, 79, 36, 65, 44, 17, 53, 78, 1, 11, 62, 18, 18, 10, 35, 13, 78, 43, 0, 98, 74, 5, 26, 77, 8, 54, 100, 29, 23, 98, 77, 8, 51, 37, 65, 97, 80, 58, 93, 60, 74, 61, 12, 9, 53, 71, 81, 56, 35, 44, 46, 48],
    [62, 48, 3, 23, 74, 59, 84, 81, 61, 99, 4, 85, 74, 61, 87, 2, 23, 99, 49, 88, 26, 60, 74, 56, 89, 68, 8, 2, 56, 51, 19, 51, 68, 7, 67, 24, 8, 23, 95, 91, 25, 0, 36, 90, 94, 91, 100, 4, 50, 51, 14, 53, 48, 44, 15, 90, 23, 68, 89, 54, 33, 39, 14, 85, 8, 94, 20, 76, 87, 58, 10, 48, 85, 49, 55, 44, 0, 14, 52, 79, 92, 36, 79, 36, 1, 48, 17, 3, 67, 44, 19, 87, 71, 80, 75, 95, 76, 22, 83, 92],
    [57, 81, 25, 92, 83, 5, 30, 52, 71, 40, 18, 79, 43, 68, 69, 53, 12, 19, 97, 41, 0, 53, 56, 68, 71, 44, 78, 9, 50, 28, 35, 77, 37, 42, 20, 40, 75, 52, 6, 75, 51, 43, 28, 72, 54, 5, 24, 17, 97, 55, 31, 17, 86, 48, 14, 99, 74, 91, 95, 37, 72, 52, 1, 8, 82, 21, 27, 1, 100, 58, 85, 28, 6, 35, 78, 83, 10, 63, 85, 51, 87, 98, 71, 34, 36, 98, 70, 82, 80, 70, 89, 32, 32, 63, 7, 37, 47, 37, 33, 86],
    [35, 6, 24, 13, 25, 50, 41, 82, 0, 75, 35, 28, 71, 15, 8, 62, 13, 100, 49, 21, 3, 11, 62, 13, 10, 51, 50, 68, 4, 1, 9, 37, 68, 19, 21, 48, 21, 88, 27, 62, 80, 69, 48, 71, 85, 43, 83, 35, 47, 35, 43, 16, 84, 94, 67, 76, 11, 34, 99, 34, 51, 4, 13, 40, 58, 14, 74, 33, 51, 81, 84, 30, 87, 37, 60, 30, 45, 65, 16, 56, 69, 50, 60, 78, 72, 8, 20, 17, 50, 46, 55, 61, 5, 87, 68, 98, 94, 25, 16, 18],
    [70, 79, 64, 62, 56, 30, 87, 57, 99, 60, 99, 84, 11, 15, 21, 47, 97, 79, 61, 66, 64, 82, 92, 71, 77, 5, 76, 84, 63, 26, 39, 17, 25, 48, 61, 9, 13, 85, 26, 45, 96, 16, 41, 42, 96, 27, 85, 50, 48, 30, 8, 17, 24, 70, 64, 39, 3, 12, 9, 8, 49, 93, 12, 39, 66, 14, 38, 71, 23, 90, 5, 29, 80, 54, 96, 58, 28, 33, 41, 14, 34, 32, 19, 0, 58, 92, 7, 98, 47, 4, 30, 26, 100, 39, 32, 40, 67, 18, 18, 67],
    [9, 36, 57, 87, 11, 0, 23, 44, 80, 89, 73, 25, 76, 24, 33, 6, 98, 36, 0, 35, 25, 33, 24, 69, 43, 21, 73, 72, 76, 52, 13, 99, 44, 61, 28, 29, 61, 43, 31, 38, 61, 28, 49, 27, 14, 1, 59, 81, 47, 73, 44, 61, 86, 64, 8, 12, 25, 0, 64, 31, 75, 61, 44, 49, 19, 78, 63, 51, 71, 28, 29, 92, 87, 44, 0, 35, 73, 49, 11, 39, 12, 80, 53, 72, 21, 29, 81, 50, 0, 77, 60, 55, 69, 71, 76, 52, 32, 57, 38, 4],
    [48, 85, 80, 20, 79, 61, 19, 82, 44, 94, 7, 92, 11, 17, 40, 55, 25, 42, 36, 63, 88, 23, 19, 9, 53, 47, 42, 83, 47, 77, 76, 43, 23, 55, 44, 29, 44, 47, 49, 67, 43, 34, 65, 16, 75, 23, 84, 4, 74, 96, 38, 53, 21, 9, 95, 95, 36, 49, 9, 10, 28, 82, 76, 13, 72, 78, 14, 96, 62, 70, 34, 15, 52, 23, 36, 62, 0, 72, 48, 10, 91, 31, 32, 44, 13, 75, 92, 8, 8, 49, 82, 29, 7, 88, 29, 48, 55, 19, 14, 58],
    [2, 3, 65, 64, 18, 6, 99, 89, 65, 57, 24, 38, 52, 62, 4, 78, 85, 94, 34, 34, 23, 72, 79, 18, 96, 70, 86, 94, 47, 83, 44, 71, 13, 84, 22, 35, 10, 99, 86, 40, 66, 78, 70, 90, 14, 66, 79, 17, 46, 16, 50, 36, 85, 90, 68, 84, 98, 60, 56, 22, 33, 25, 81, 44, 16, 2, 26, 8, 35, 36, 9, 57, 82, 20, 100, 53, 52, 67, 46, 63, 88, 75, 86, 48, 27, 13, 3, 49, 9, 26, 12, 57, 70, 51, 83, 30, 81, 67, 5, 31],
    [60, 33, 66, 16, 4, 86, 51, 18, 90, 38, 97, 98, 34, 39, 88, 97, 6, 75, 18, 97, 85, 18, 31, 16, 29, 4, 88, 12, 41, 46, 19, 90, 69, 38, 97, 4, 97, 3, 10, 39, 53, 97, 29, 8, 14, 22, 32, 4, 88, 32, 23, 28, 46, 96, 12, 44, 78, 81, 95, 39, 33, 44, 99, 0, 26, 43, 24, 90, 51, 12, 53, 46, 13, 38, 87, 22, 97, 86, 30, 58, 85, 78, 81, 50, 47, 61, 16, 31, 45, 69, 76, 86, 66, 9, 77, 11, 57, 3, 34, 93],
    [28, 40, 65, 22, 82, 2, 38, 75, 18, 28, 70, 86, 97, 27, 96, 93, 51, 54, 20, 64, 59, 64, 25, 8, 41, 54, 59, 100, 3, 6, 50, 75, 100, 92, 7, 64, 28, 69, 55, 98, 55, 6, 51, 73, 91, 35, 73, 100, 22, 22, 67, 4, 9, 78, 53, 71, 66, 74, 94, 71, 94, 68, 62, 68, 80, 4, 69, 81, 52, 28, 69, 31, 38, 67, 87, 38, 43, 74, 54, 85, 86, 3, 15, 63, 39, 39, 62, 90, 63, 80, 91, 0, 73, 91, 50, 98, 78, 67, 100, 71],
    [52, 7, 65, 63, 10, 43, 32, 50, 80, 22, 68, 68, 59, 83, 98, 60, 83, 5, 46, 18, 55, 73, 21, 74, 71, 36, 67, 29, 30, 4, 37, 65, 62, 40, 70, 19, 58, 22, 2, 42, 9, 35, 100, 80, 46, 53, 62, 14, 29, 7, 46, 93, 18, 70, 81, 9, 44, 33, 3, 58, 73, 18, 0, 24, 10, 63, 34, 62, 95, 58, 36, 21, 46, 28, 6, 41, 56, 45, 42, 39, 41, 17, 67, 41, 8, 58, 85, 24, 72, 26, 29, 11, 12, 77, 83, 77, 28, 15, 6, 6],
    [69, 13, 0, 45, 48, 65, 28, 1, 68, 85, 17, 59, 37, 80, 96, 85, 9, 91, 72, 85, 26, 64, 5, 69, 22, 99, 1, 0, 56, 37, 55, 69, 52, 7, 26, 98, 47, 82, 89, 16, 7, 42, 88, 48, 17, 20, 24, 82, 4, 24, 68, 67, 41, 80, 98, 84, 28, 33, 62, 0, 33, 15, 68, 69, 62, 69, 17, 96, 8, 5, 61, 43, 10, 39, 78, 54, 77, 50, 40, 88, 14, 60, 40, 32, 70, 45, 11, 81, 68, 81, 54, 73, 31, 73, 40, 71, 48, 15, 6, 5],
    [61, 81, 64, 2, 74, 70, 14, 31, 24, 13, 49, 85, 73, 57, 25, 25, 28, 42, 83, 17, 32, 4, 25, 49, 30, 33, 64, 44, 52, 14, 83, 93, 62, 57, 48, 59, 66, 39, 28, 46, 4, 61, 92, 70, 48, 39, 14, 47, 11, 35, 11, 95, 43, 26, 22, 91, 38, 51, 31, 47, 93, 67, 90, 93, 100, 61, 38, 27, 1, 23, 48, 37, 79, 100, 68, 14, 64, 20, 47, 55, 7, 38, 62, 87, 71, 37, 24, 8, 90, 84, 10, 93, 9, 19, 51, 17, 2, 29, 27, 99],
    [27, 60, 17, 80, 37, 26, 22, 48, 46, 37, 66, 86, 26, 21, 54, 15, 22, 83, 62, 58, 7, 40, 75, 71, 22, 38, 84, 8, 17, 19, 85, 90, 99, 5, 93, 51, 81, 34, 9, 28, 8, 69, 46, 68, 26, 12, 30, 59, 71, 85, 98, 19, 7, 87, 50, 9, 22, 61, 52, 92, 99, 2, 1, 13, 47, 16, 8, 35, 40, 28, 15, 99, 97, 50, 26, 54, 20, 66, 91, 67, 31, 50, 38, 15, 85, 79, 19, 50, 93, 87, 94, 20, 1, 29, 84, 6, 91, 97, 20, 7],
    [96, 91, 37, 80, 70, 15, 59, 58, 89, 16, 45, 94, 43, 24, 64, 37, 5, 90, 22, 78, 69, 66, 29, 29, 95, 6, 72, 34, 15, 100, 34, 85, 5, 64, 31, 74, 73, 95, 74, 49, 23, 17, 76, 63, 55, 79, 7, 25, 26, 54, 40, 32, 10, 97, 14, 83, 13, 42, 88, 19, 97, 38, 48, 98, 59, 67, 72, 42, 36, 13, 45, 33, 96, 14, 29, 19, 27, 95, 46, 96, 73, 94, 77, 63, 54, 16, 49, 62, 0, 14, 70, 75, 39, 24, 88, 73, 97, 56, 53, 60],
    [21, 47, 66, 87, 21, 17, 18, 96, 96, 76, 86, 55, 75, 76, 37, 34, 19, 87, 3, 31, 89, 63, 89, 86, 87, 55, 72, 85, 78, 49, 82, 86, 56, 55, 42, 81, 40, 5, 54, 100, 30, 42, 49, 49, 8, 24, 40, 46, 21, 38, 45, 78, 75, 36, 30, 69, 69, 27, 58, 48, 96, 60, 73, 7, 50, 27, 37, 76, 8, 95, 23, 79, 30, 90, 38, 67, 35, 93, 35, 41, 11, 96, 95, 19, 17, 73, 34, 15, 66, 53, 54, 81, 94, 100, 76, 53, 30, 11, 57, 36],
    [80, 4, 82, 43, 89, 93, 85, 53, 87, 36, 72, 39, 94, 86, 70, 16, 9, 40, 52, 40, 78, 53, 42, 84, 1, 54, 78, 13, 26, 26, 56, 24, 57, 49, 93, 23, 88, 26, 75, 13, 7, 60, 88, 53, 81, 10, 4, 61, 100, 36, 51, 2, 33, 30, 54, 38, 85, 29, 29, 56, 0, 10, 49, 72, 60, 14, 28, 29, 8, 80, 8, 15, 45, 26, 59, 70, 72, 62, 40, 18, 51, 10, 33, 12, 0, 52, 66, 80, 11, 15, 17, 77, 71, 29, 47, 20, 71, 90, 60, 17],
    [55, 34, 27, 89, 38, 18, 13, 86, 50, 47, 36, 92, 21, 66, 31, 14, 60, 67, 52, 30, 55, 87, 78, 80, 23, 28, 45, 54, 46, 4, 60, 27, 55, 28, 68, 100, 29, 55, 13, 70, 87, 97, 48, 60, 84, 71, 95, 47, 18, 56, 52, 54, 74, 27, 32, 63, 62, 21, 81, 68, 38, 97, 12, 79, 47, 58, 58, 47, 86, 72, 55, 85, 85, 54, 29, 62, 39, 68, 0, 38, 50, 78, 19, 88, 7, 66, 9, 20, 88, 12, 27, 15, 50, 50, 57, 41, 89, 73, 68, 31],
    [45, 19, 32, 73, 0, 66, 63, 35, 22, 30, 14, 62, 75, 87, 55, 63, 76, 92, 64, 32, 96, 32, 10, 72, 4, 91, 35, 28, 1, 63, 96, 5, 27, 88, 11, 51, 34, 54, 100, 29, 84, 22, 93, 49, 40, 74, 94, 53, 12, 2, 37, 61, 55, 34, 57, 74, 17, 56, 39, 45, 67, 72, 70, 93, 27, 40, 97, 35, 23, 98, 58, 27, 53, 28, 81, 91, 53, 25, 75, 40, 26, 8, 70, 69, 34, 22, 21, 98, 24, 84, 68, 83, 66, 30, 36, 9, 48, 72, 34, 61],
    [95, 16, 4, 1, 19, 6, 88, 63, 70, 50, 41, 84, 8, 97, 63, 84, 7, 79, 35, 0, 32, 8, 70, 67, 83, 50, 21, 7, 89, 53, 64, 87, 99, 14, 88, 97, 27, 6, 92, 57, 15, 63, 31, 18, 94, 100, 17, 45, 45, 5, 99, 88, 44, 59, 22, 38, 89, 57, 37, 67, 38, 87, 51, 14, 80, 62, 55, 34, 38, 19, 46, 29, 33, 15, 76, 99, 69, 16, 25, 55, 34, 26, 77, 43, 90, 4, 92, 45, 18, 38, 38, 2, 75, 12, 0, 32, 52, 79, 27, 0],
    [96, 20, 25, 95, 46, 31, 77, 47, 69, 10, 37, 89, 58, 70, 44, 19, 83, 19, 0, 49, 25, 51, 94, 39, 62, 8, 92, 48, 22, 10, 39, 1, 28, 10, 11, 72, 54, 2, 42, 94, 21, 61, 34, 97, 62, 33, 31, 95, 96, 23, 32, 64, 53, 18, 92, 68, 23, 8, 23, 38, 57, 91, 31, 92, 12, 86, 99, 32, 95, 26, 77, 59, 38, 21, 70, 4, 13, 56, 9, 58, 42, 45, 31, 28, 92, 86, 71, 45, 9, 16, 28, 91, 71, 31, 28, 30, 22, 75, 56, 19],
    [94, 76, 77, 69, 55, 15, 20, 45, 42, 59, 39, 33, 64, 31, 10, 39, 72, 22, 87, 71, 77, 49, 75, 21, 93, 40, 56, 22, 2, 0, 40, 33, 71, 4, 19, 92, 13, 72, 98, 18, 30, 66, 42, 46, 57, 64, 42, 41, 54, 86, 76, 84, 37, 46, 88, 19, 71, 87, 12, 3, 96, 5, 91, 51, 5, 92, 73, 55, 5, 36, 28, 50, 45, 97, 77, 30, 55, 56, 30, 22, 60, 8, 65, 9, 17, 53, 54, 57, 77, 29, 68, 3, 49, 10, 3, 27, 25, 67, 84, 6],
    [55, 10, 55, 96, 42, 58, 0, 28, 88, 75, 96, 54, 56, 88, 28, 23, 90, 42, 37, 45, 98, 72, 95, 26, 68, 66, 96, 25, 73, 99, 28, 65, 52, 83, 15, 46, 76, 54, 1, 1, 49, 37, 1, 3, 49, 80, 97, 42, 91, 32, 2, 84, 25, 14, 86, 100, 50, 91, 81, 68, 36, 18, 0, 70, 80, 84, 66, 19, 41, 44, 80, 64, 84, 31, 47, 15, 76, 51, 34, 80, 38, 76, 48, 60, 8, 53, 46, 83, 5, 72, 79, 14, 70, 45, 75, 52, 51, 27, 57, 98],
    [82, 75, 31, 53, 83, 71, 12, 74, 63, 26, 78, 47, 68, 27, 50, 15, 28, 53, 92, 30, 70, 17, 91, 1, 8, 34, 81, 61, 8, 62, 28, 79, 82, 83, 13, 36, 84, 84, 87, 25, 54, 18, 52, 23, 33, 35, 78, 73, 45, 30, 6, 88, 79, 92, 77, 39, 62, 97, 29, 43, 76, 94, 17, 68, 85, 46, 90, 97, 55, 73, 97, 51, 15, 56, 11, 83, 85, 75, 95, 74, 80, 4, 40, 60, 11, 9, 92, 19, 18, 83, 99, 51, 77, 30, 77, 77, 22, 20, 8, 82],
    [14, 62, 70, 46, 39, 69, 14, 1, 96, 91, 71, 23, 91, 76, 46, 21, 93, 4, 4, 71, 26, 79, 85, 71, 13, 49, 57, 27, 22, 32, 8, 31, 52, 39, 69, 0, 0, 72, 25, 39, 91, 14, 15, 58, 77, 52, 46, 67, 22, 9, 98, 20, 23, 16, 95, 52, 85, 13, 11, 82, 52, 57, 65, 94, 47, 15, 93, 73, 27, 96, 61, 26, 24, 82, 60, 40, 36, 4, 54, 81, 52, 55, 6, 15, 10, 66, 75, 28, 26, 88, 43, 96, 25, 12, 2, 90, 63, 86, 60, 41],
    [40, 85, 50, 60, 15, 37, 13, 79, 42, 11, 85, 33, 29, 41, 64, 19, 22, 87, 11, 42, 18, 26, 41, 16, 19, 76, 86, 3, 22, 31, 68, 73, 72, 39, 94, 33, 33, 12, 92, 33, 50, 1, 50, 28, 3, 13, 17, 56, 22, 85, 81, 86, 94, 3, 48, 12, 3, 41, 70, 30, 59, 42, 64, 59, 67, 31, 69, 55, 75, 26, 18, 23, 29, 65, 48, 99, 54, 84, 65, 41, 34, 84, 81, 63, 67, 14, 59, 80, 55, 46, 89, 15, 60, 37, 69, 86, 36, 50, 68, 87],
    [30, 24, 59, 69, 73, 98, 65, 68, 44, 4, 73, 62, 73, 64, 6, 65, 47, 32, 48, 12, 87, 72, 98, 77, 78, 49, 44, 37, 46, 95, 29, 3, 81, 30, 32, 17, 55, 71, 28, 17, 19, 49, 84, 45, 98, 88, 94, 56, 77, 68, 96, 33, 31, 60, 44, 90, 29, 98, 11, 76, 59, 54, 13, 76, 63, 16, 19, 85, 12, 47, 44, 57, 95, 13, 18, 77, 30, 84, 19, 54, 51, 23, 74, 84, 73, 57, 61, 17, 63, 96, 16, 9, 18, 67, 25, 1, 56, 35, 79, 94],
    [27, 0, 7, 37, 77, 15, 13, 58, 11, 27, 28, 72, 65, 44, 83, 48, 52, 26, 33, 1, 3, 4, 50, 55, 88, 96, 57, 79, 64, 58, 80, 97, 67, 29, 9, 10, 95, 25, 87, 22, 10, 99, 75, 66, 21, 57, 72, 74, 100, 17, 2, 19, 17, 47, 98, 15, 94, 47, 59, 12, 17, 55, 98, 2, 75, 57, 42, 75, 85, 46, 97, 33, 14, 47, 70, 87, 19, 3, 44, 57, 67, 71, 92, 46, 73, 26, 9, 21, 35, 87, 35, 62, 62, 90, 42, 87, 9, 48, 38, 74],
    [97, 100, 7, 20, 64, 7, 15, 92, 63, 6, 41, 4, 67, 5, 40, 7, 69, 72, 17, 75, 80, 57, 76, 66, 24, 50, 49, 0, 79, 33, 84, 63, 7, 67, 29, 83, 24, 14, 3, 99, 64, 52, 64, 80, 55, 74, 53, 30, 16, 67, 8, 41, 41, 5, 48, 0, 22, 61, 21, 72, 8, 85, 34, 45, 58, 57, 85, 91, 22, 100, 34, 65, 84, 15, 4, 49, 22, 75, 81, 76, 69, 25, 66, 75, 54, 17, 84, 30, 5, 30, 77, 55, 21, 67, 43, 66, 54, 27, 13, 64],
    [62, 83, 5, 50, 6, 84, 43, 47, 73, 35, 12, 13, 47, 70, 43, 23, 39, 61, 26, 69, 56, 82, 35, 62, 66, 81, 38, 65, 10, 64, 43, 2, 47, 37, 13, 21, 82, 21, 67, 72, 79, 47, 64, 29, 77, 34, 7, 96, 22, 40, 99, 43, 8, 23, 19, 56, 38, 98, 23, 62, 10, 56, 9, 82, 17, 32, 89, 5, 18, 11, 16, 6, 9, 97, 80, 75, 85, 7, 4, 35, 57, 96, 13, 61, 100, 41, 83, 16, 38, 75, 96, 90, 46, 46, 13, 98, 80, 67, 98, 79],
    [12, 77, 79, 28, 68, 43, 13, 24, 25, 98, 14, 49, 89, 45, 4, 7, 67, 40, 35, 45, 79, 30, 83, 36, 43, 16, 54, 42, 64, 78, 48, 9, 67, 32, 42, 27, 32, 15, 62, 35, 52, 28, 84, 64, 20, 4, 99, 93, 51, 63, 32, 47, 94, 77, 6, 91, 54, 25, 82, 1, 97, 49, 17, 89, 28, 13, 55, 53, 22, 75, 81, 4, 97, 51, 59, 12, 86, 4, 57, 22, 75, 49, 48, 47, 58, 50, 20, 11, 5, 22, 65, 50, 5, 64, 46, 40, 93, 4, 40, 66],
    [96, 32, 41, 61, 20, 71, 18, 58, 46, 5, 15, 96, 21, 5, 97, 18, 17, 88, 65, 55, 4, 8, 51, 81, 72, 16, 64, 89, 34, 37, 53, 64, 4, 34, 95, 49, 93, 64, 61, 67, 5, 94, 52, 23, 42, 66, 88, 45, 30, 20, 5, 21, 20, 89, 43, 34, 95, 6, 74, 64, 16, 30, 3, 18, 15, 61, 51, 0, 11, 26, 1, 79, 93, 36, 72, 86, 14, 82, 10, 3, 18, 54, 77, 54, 10, 44, 95, 18, 31, 64, 42, 100, 28, 71, 57, 23, 48, 81, 15, 48],
    [57, 45, 96, 31, 91, 80, 70, 19, 33, 70, 9, 0, 78, 44, 41, 17, 62, 11, 73, 7, 9, 49, 18, 91, 21, 96, 65, 4, 0, 55, 42, 45, 7, 80, 55, 88, 85, 19, 81, 2, 43, 7, 46, 59, 47, 35, 34, 21, 78, 53, 45, 29, 21, 94, 94, 65, 15, 19, 48, 47, 20, 26, 100, 73, 1, 10, 78, 56, 68, 90, 93, 54, 62, 32, 49, 61, 0, 64, 24, 70, 30, 46, 60, 17, 94, 12, 97, 60, 32, 17, 18, 86, 50, 3, 10, 11, 44, 98, 92, 77],
    [48, 25, 10, 69, 32, 22, 45, 94, 17, 30, 21, 4, 3, 43, 61, 7, 56, 68, 81, 17, 76, 32, 41, 94, 59, 1, 7, 33, 12, 8, 95, 24, 35, 47, 3, 99, 71, 72, 4, 57, 17, 39, 75, 33, 98, 99, 87, 42, 58, 17, 62, 0, 48, 15, 47, 46, 3, 45, 20, 10, 11, 25, 35, 72, 6, 84, 9, 10, 26, 42, 31, 38, 8, 50, 30, 79, 76, 49, 89, 81, 99, 60, 50, 66, 21, 53, 66, 15, 68, 3, 26, 44, 90, 84, 8, 28, 67, 11, 26, 51],
    [69, 0, 13, 50, 90, 46, 75, 48, 27, 37, 61, 50, 5, 11, 69, 74, 25, 95, 72, 1, 85, 85, 6, 11, 59, 54, 93, 51, 52, 75, 15, 33, 36, 44, 51, 7, 22, 45, 45, 10, 48, 12, 81, 59, 98, 86, 50, 39, 79, 74, 99, 27, 94, 64, 41, 16, 26, 71, 19, 38, 88, 4, 17, 15, 74, 39, 17, 99, 72, 44, 51, 2, 47, 37, 82, 4, 72, 98, 26, 97, 48, 70, 82, 77, 51, 66, 36, 46, 48, 59, 60, 98, 59, 70, 15, 43, 47, 36, 17, 20],
    [44, 96, 58, 63, 59, 98, 67, 63, 62, 5, 87, 27, 12, 38, 9, 17, 68, 24, 10, 73, 47, 11, 51, 84, 4, 30, 4, 18, 28, 13, 81, 65, 93, 95, 61, 59, 72, 10, 62, 6, 53, 28, 64, 6, 30, 33, 46, 27, 13, 10, 66, 40, 45, 19, 78, 21, 14, 7, 32, 72, 88, 47, 31, 62, 52, 54, 20, 48, 36, 97, 43, 58, 7, 46, 8, 92, 26, 30, 72, 52, 57, 98, 67, 3, 98, 1, 54, 6, 91, 14, 17, 27, 51, 28, 44, 51, 86, 12, 4, 64],
    [96, 69, 89, 33, 84, 32, 14, 86, 95, 10, 24, 42, 86, 99, 65, 59, 94, 95, 39, 4, 0, 0, 42, 69, 25, 66, 70, 24, 52, 74, 61, 13, 36, 31, 37, 49, 43, 19, 57, 60, 49, 68, 73, 15, 67, 30, 32, 9, 96, 82, 38, 16, 60, 90, 92, 92, 94, 92, 72, 75, 76, 34, 72, 53, 23, 30, 21, 15, 95, 6, 56, 78, 2, 63, 47, 54, 88, 73, 91, 53, 69, 43, 30, 24, 1, 78, 48, 37, 60, 9, 57, 46, 84, 83, 59, 26, 7, 18, 70, 98],
    [27, 61, 31, 54, 8, 10, 26, 0, 10, 68, 30, 1, 0, 24, 41, 90, 29, 97, 84, 28, 40, 27, 24, 41, 60, 44, 91, 9, 74, 20, 7, 0, 24, 89, 86, 6, 75, 74, 21, 37, 68, 81, 31, 16, 72, 75, 12, 11, 65, 93, 89, 31, 78, 17, 91, 62, 95, 59, 44, 73, 99, 34, 43, 55, 35, 27, 62, 81, 81, 40, 74, 58, 66, 58, 6, 77, 28, 23, 7, 58, 71, 35, 93, 25, 92, 53, 44, 2, 77, 44, 70, 34, 29, 38, 75, 71, 60, 2, 32, 68],
    [74, 57, 37, 73, 35, 15, 93, 10, 46, 83, 61, 38, 66, 5, 52, 73, 58, 61, 26, 9, 22, 0, 29, 68, 89, 65, 94, 42, 26, 31, 46, 47, 18, 90, 95, 81, 32, 74, 14, 46, 55, 47, 44, 85, 82, 37, 84, 14, 16, 41, 22, 3, 96, 33, 30, 33, 33, 52, 71, 14, 52, 63, 11, 92, 33, 21, 90, 44, 3, 21, 35, 26, 65, 75, 48, 3, 23, 84, 31, 20, 2, 23, 81, 72, 69, 99, 55, 34, 11, 69, 44, 7, 48, 51, 6, 62, 24, 94, 61, 33],
    [6, 81, 46, 24, 4, 57, 45, 74, 86, 11, 54, 29, 99, 83, 37, 76, 0, 8, 55, 2, 32, 61, 47, 60, 61, 50, 0, 78, 45, 56, 54, 83, 92, 99, 43, 100, 51, 14, 26, 58, 83, 69, 41, 44, 75, 12, 10, 67, 88, 76, 24, 14, 22, 43, 20, 67, 39, 45, 91, 23, 49, 21, 8, 66, 95, 48, 31, 54, 43, 11, 33, 73, 52, 62, 61, 33, 83, 61, 14, 54, 33, 7, 23, 82, 68, 2, 56, 63, 19, 95, 4, 93, 82, 17, 10, 83, 58, 90, 27, 68],
    [11, 78, 33, 61, 88, 3, 32, 32, 32, 99, 26, 29, 68, 61, 15, 88, 100, 78, 90, 37, 34, 12, 51, 61, 69, 49, 84, 68, 99, 36, 57, 98, 39, 3, 78, 72, 5, 13, 29, 45, 87, 94, 14, 5, 90, 99, 100, 63, 24, 2, 10, 36, 9, 82, 87, 80, 60, 80, 26, 66, 92, 17, 67, 73, 32, 91, 33, 12, 8, 64, 82, 63, 6, 73, 14, 86, 66, 86, 19, 8, 93, 11, 62, 11, 25, 17, 5, 13, 73, 22, 97, 40, 10, 68, 91, 29, 10, 66, 86, 50],
]